5838
25355
16098
39513
32195
23914
25685
18958
28475
11658
12768
1752
25524
11443
4870
38003
12538
2889
32859
39310
18202
33476
25052
175
13441
14896
24012
519
25980
3533
20286
22921
5153
24890
14948
35899
6052
2132
39281
9578
15693
2813
7407
26784
17955
21081
26296
6466
35615
12327
22895
5134
34512
34068
21848
28152
33558
36295
18872
8528
21683
28670
1553
27508
29731
27269
34836
6233
34604
37319
38634
20458
22665
19807
14906
173
26376
7885
36383
31084
15210
6927
18212
14779
22992
27785
5825
36362
19467
7057
35562
18685
5444
21348
3827
13804
5263
14402
13515
12225
34860
39954
10404
8068
28976
31077
29461
32059
5221
10110
38006
1978
19242
19321
29511
1041
1033
14050
23320
4199
4196
15501
18265
7988
17525
39756
7284
15093
24253
37474
33953
14393
33434
23415
6213
2132
39857
39010
25884
30963
2752
10637
6247
28242
12856
9121
22477
28322
1511
39366
22668
29415
30734
19789
22325
25685
17214
15619
21117
2300
4074
23031
19815
28130
1428
34651
37955
26552
21579
31416
29252
31827
23547
6479
24225
38128
9767
29079
18494
8045
23127
9172
25619
8901
457
3197
25922
6251
8156
4494
9801
15836
8847
22150
11148
2188
11216
37816
34742
23443
28514
1517
11997
36402
30214
29053
16670
18758
31915
29153
18519
2685
37481
22046
8429
4247
33838
29395
23536
9621
10830
13819
13588
23806
31163
2589
11465
39704
21605
27218
1286
29288
19748
36719
12625
13250
30762
13780
29135
17157
15770
30168
31772
27635
3914
12217
6698
6364
16479
22625
25711
34183
28429
32289
9189
20570
19233
24341
16220
10175
37553
23276
23281
3977
36199
33363
7109
37752
29752
4457
13034
10262
13225
2048
32611
35458
7150
10647
17531
37274
14733
37427
12166
3803
31383
9476
10831
10241
1046
27541
37849
32701
30964
21826
37712
23436
19842
26912
950
1514
16696
20020
35947
5996
1312
23058
29611
15098
39641
36367
17825
13432
6612
26110
1896
10703
6259
7614
6550
26643
15241
9186
36967
5845
31547
5508
18724
10352
36119
9071
5760
26808
25860
12888
19344
25799
22061
7061
9662
24323
27466
3675
108
30064
20618
35010
1817
9566
30144
38381
12061
34206
37430
28697
17207
15997
2858
22540
14753
18669
9046
26379
30464
18126
20357
2907
12121
15547
35568
3337
5524
2222
32689
1208
7516
22742
17313
10056
34061
27916
36227
35558
12950
36543
17997
13987
24547
5490
33637
12369
25298
3349
12033
31876
35680
29762
14077
27485
30627
3775
